{
    "camera_angle_x": 1.4656301736831665,
    "frames": [
        {
            "file_path": "images/frame_0000",
            "transform_matrix": [
                [
                    7.549790126404332e-08,
                    -0.2587360441684723,
                    0.9659480452537537,
                    6.440000057220459
                ],
                [
                    1.0,
                    -4.5061316455985434e-08,
                    -9.022937064173675e-08,
                    2.5
                ],
                [
                    6.687248088610431e-08,
                    0.9659480452537537,
                    0.2587360441684723,
                    1.600000023841858
                ],
                [
                    0.0,
                    0.0,
                    0.0,
                    1.0
                ]
            ]
        },
        {
            "file_path": "images/frame_0001",
            "transform_matrix": [
                [
                    -0.01403576135635376,
                    -0.25810545682907104,
                    0.9660148024559021,
                    6.428812503814697
                ],
                [
                    0.9999014735221863,
                    -0.0036230862606316805,
                    0.013560082763433456,
                    2.6830270290374756
                ],
                [
                    2.3543996974240144e-08,
                    0.9661099314689636,
                    0.25813087821006775,
                    1.600000023841858
                ],
                [
                    0.0,
                    0.0,
                    0.0,
                    1.0
                ]
            ]
        },
        {
            "file_path": "images/frame_0002",
            "transform_matrix": [
                [
                    -0.03042864240705967,
                    -0.2562706172466278,
                    0.966126024723053,
                    6.395334720611572
                ],
                [
                    0.99953693151474,
                    -0.007801475469022989,
                    0.029411550611257553,
                    2.86466121673584
                ],
                [
                    -1.0765221247766021e-07,
                    0.9665735960006714,
                    0.256389319896698,
                    1.600000023841858
                ],
                [
                    0.0,
                    0.0,
                    0.0,
                    1.0
                ]
            ]
        },
        {
            "file_path": "images/frame_0003",
            "transform_matrix": [
                [
                    -0.0513172373175621,
                    -0.2533794641494751,
                    0.9660048484802246,
                    6.339821815490723
                ],
                [
                    0.9986823797225952,
                    -0.013019893318414688,
                    0.04963810369372368,
                    3.043519973754883
                ],
                [
                    3.4035596563342096e-09,
                    0.967279314994812,
                    0.2537137567996979,
                    1.600000023841858
                ],
                [
                    0.0,
                    0.0,
                    0.0,
                    1.0
                ]
            ]
        },
        {
            "file_path": "images/frame_0004",
            "transform_matrix": [
                [
                    -0.07845679670572281,
                    -0.2496214061975479,
                    0.9651599526405334,
                    6.262696266174316
                ],
                [
                    0.9969174861907959,
                    -0.019645024091005325,
                    0.07595749944448471,
                    3.2182424068450928
                ],
                [
                    -2.7545969061293363e-08,
                    0.9681442379951477,
                    0.25039324164390564,
                    1.600000023841858
                ],
                [
                    0.0,
                    0.0,
                    0.0,
                    1.0
                ]
            ]
        },
        {
            "file_path": "images/frame_0005",
            "transform_matrix": [
                [
                    -0.11313226073980331,
                    -0.2451632022857666,
                    0.9628583192825317,
                    6.164545059204102
                ],
                [
                    0.9935799241065979,
                    -0.02791515178978443,
                    0.10963417589664459,
                    3.387498378753662
                ],
                [
                    7.026407899957121e-08,
                    0.969079852104187,
                    0.24674734473228455,
                    1.600000023841858
                ],
                [
                    0.0,
                    0.0,
                    0.0,
                    1.0
                ]
            ]
        },
        {
            "file_path": "images/frame_0006",
            "transform_matrix": [
                [
                    -0.15614186227321625,
                    -0.24009674787521362,
                    0.9581092000007629,
                    6.046114921569824
                ],
                [
                    0.9877346158027649,
                    -0.03795458376407623,
                    0.15145868062973022,
                    3.549999952316284
                ],
                [
                    -1.0056859167661969e-07,
                    0.9700067043304443,
                    0.24307817220687866,
                    1.600000023841858
                ],
                [
                    0.0,
                    0.0,
                    0.0,
                    1.0
                ]
            ]
        },
        {
            "file_path": "images/frame_0008",
            "transform_matrix": [
                [
                    -0.2680661082267761,
                    -0.2279423624277115,
                    0.9360463619232178,
                    5.752170562744141
                ],
                [
                    0.9634005427360535,
                    -0.06342480331659317,
                    0.26045486330986023,
                    3.849853992462158
                ],
                [
                    -1.3892780259538995e-07,
                    0.9716066718101501,
                    0.2366018295288086,
                    1.600000023841858
                ],
                [
                    0.0,
                    0.0,
                    0.0,
                    1.0
                ]
            ]
        },
        {
            "file_path": "images/frame_0009",
            "transform_matrix": [
                [
                    -0.3363633453845978,
                    -0.22044390439987183,
                    0.9155676960945129,
                    5.578894138336182
                ],
                [
                    0.9417322874069214,
                    -0.07873695343732834,
                    0.32701802253723145,
                    3.98492431640625
                ],
                [
                    -1.2098661272830213e-07,
                    0.9722165465354919,
                    0.2340833693742752,
                    1.600000023841858
                ],
                [
                    0.0,
                    0.0,
                    0.0,
                    1.0
                ]
            ]
        },
        {
            "file_path": "images/frame_0010",
            "transform_matrix": [
                [
                    -0.4117540121078491,
                    -0.21152479946613312,
                    0.8864061832427979,
                    5.389795780181885
                ],
                [
                    0.9112950563430786,
                    -0.09557401388883591,
                    0.4005083739757538,
                    4.1086931228637695
                ],
                [
                    -6.499123372805116e-08,
                    0.9726884961128235,
                    0.23211447894573212,
                    1.600000023841858
                ],
                [
                    0.0,
                    0.0,
                    0.0,
                    1.0
                ]
            ]
        },
        {
            "file_path": "images/frame_0011",
            "transform_matrix": [
                [
                    -0.492795467376709,
                    -0.2007080465555191,
                    0.8466811180114746,
                    5.186314582824707
                ],
                [
                    0.8701452016830444,
                    -0.11366838216781616,
                    0.4795069098472595,
                    4.220219135284424
                ],
                [
                    -2.297631773728881e-08,
                    0.9730343222618103,
                    0.23066040873527527,
                    1.600000023841858
                ],
                [
                    0.0,
                    0.0,
                    0.0,
                    1.0
                ]
            ]
        },
        {
            "file_path": "images/frame_0012",
            "transform_matrix": [
                [
                    -0.5774934887886047,
                    -0.18746355175971985,
                    0.7945808172225952,
                    4.96999979019165
                ],
                [
                    0.8163952827453613,
                    -0.13260608911514282,
                    0.5620625615119934,
                    4.318653583526611
                ],
                [
                    3.6106366785304544e-09,
                    0.9732795357704163,
                    0.22962351143360138,
                    1.600000023841858
                ],
                [
                    0.0,
                    0.0,
                    0.0,
                    1.0
                ]
            ]
        },
        {
            "file_path": "images/frame_0013",
            "transform_matrix": [
                [
                    -0.66324383020401,
                    -0.17127156257629395,
                    0.728542149066925,
                    4.74249792098999
                ],
                [
                    0.7484034299850464,
                    -0.15178295969963074,
                    0.6456425189971924,
                    4.4032464027404785
                ],
                [
                    8.479774038505639e-08,
                    0.9734618663787842,
                    0.22884932160377502,
                    1.600000023841858
                ],
                [
                    0.0,
                    0.0,
                    0.0,
                    1.0
                ]
            ]
        },
        {
            "file_path": "images/frame_0014",
            "transform_matrix": [
                [
                    -0.7468245625495911,
                    -0.151716411113739,
                    0.6474837064743042,
                    4.505539417266846
                ],
                [
                    0.6650210618972778,
                    -0.1703789383172989,
                    0.7271299362182617,
                    4.473354339599609
                ],
                [
                    3.502725931525674e-08,
                    0.9736288785934448,
                    0.2281377911567688,
                    1.600000023841858
                ],
                [
                    0.0,
                    0.0,
                    0.0,
                    1.0
                ]
            ]
        },
        {
            "file_path": "images/frame_0016",
            "transform_matrix": [
                [
                    -0.8921648859977722,
                    -0.10207729786634445,
                    0.44002509117126465,
                    4.010525703430176
                ],
                [
                    0.45170992612838745,
                    -0.20161163806915283,
                    0.8690862655639648,
                    4.568096160888672
                ],
                [
                    2.0760793972840474e-07,
                    0.9741318821907043,
                    0.22598014771938324,
                    1.600000023841858
                ],
                [
                    0.0,
                    0.0,
                    0.0,
                    1.0
                ]
            ]
        },
        {
            "file_path": "images/frame_0017",
            "transform_matrix": [
                [
                    -0.9458988904953003,
                    -0.07271163910627365,
                    0.31620919704437256,
                    3.7562379837036133
                ],
                [
                    0.3244614601135254,
                    -0.21197539567947388,
                    0.9218412041664124,
                    4.5920090675354
                ],
                [
                    -8.538417084480443e-09,
                    0.9745662808418274,
                    0.22409942746162415,
                    1.600000023841858
                ],
                [
                    0.0,
                    0.0,
                    0.0,
                    1.0
                ]
            ]
        },
        {
            "file_path": "images/frame_0019",
            "transform_matrix": [
                [
                    -0.9990029335021973,
                    -0.00973600521683693,
                    0.043569415807724,
                    3.2437620162963867
                ],
                [
                    0.04464396834373474,
                    -0.2178625613451004,
                    0.9749578833580017,
                    4.5920090675354
                ],
                [
                    -4.994616276121633e-08,
                    0.9759308695793152,
                    0.21807999908924103,
                    1.600000023841858
                ],
                [
                    0.0,
                    0.0,
                    0.0,
                    1.0
                ]
            ]
        },
        {
            "file_path": "images/frame_0021",
            "transform_matrix": [
                [
                    -0.9710631370544434,
                    0.04997919127345085,
                    -0.23353460431098938,
                    2.73907208442688
                ],
                [
                    -0.238822802901268,
                    -0.20321758091449738,
                    0.9495611190795898,
                    4.528444290161133
                ],
                [
                    -3.8751753805854605e-08,
                    0.9778571724891663,
                    0.20927327871322632,
                    1.600000023841858
                ],
                [
                    0.0,
                    0.0,
                    0.0,
                    1.0
                ]
            ]
        },
        {
            "file_path": "images/frame_0022",
            "transform_matrix": [
                [
                    -0.9286836981773376,
                    0.07574747502803802,
                    -0.36305490136146545,
                    2.4944608211517334
                ],
                [
                    -0.3708726763725281,
                    -0.18967527151107788,
                    0.9091076850891113,
                    4.473354339599609
                ],
                [
                    7.435576776515518e-08,
                    0.9789206385612488,
                    0.20424100756645203,
                    1.600000023841858
                ],
                [
                    0.0,
                    0.0,
                    0.0,
                    1.0
                ]
            ]
        },
        {
            "file_path": "images/frame_0023",
            "transform_matrix": [
                [
                    -0.8705767393112183,
                    0.09796959906816483,
                    -0.48218056559562683,
                    2.257502317428589
                ],
                [
                    -0.49203264713287354,
                    -0.1733425408601761,
                    0.8531448841094971,
                    4.4032464027404785
                ],
                [
                    -1.3967948575555056e-07,
                    0.9799767136573792,
                    0.19911222159862518,
                    1.600000023841858
                ],
                [
                    0.0,
                    0.0,
                    0.0,
                    1.0
                ]
            ]
        },
        {
            "file_path": "images/frame_0024",
            "transform_matrix": [
                [
                    -0.7997868657112122,
                    0.1165335550904274,
                    -0.5888640284538269,
                    2.0299999713897705
                ],
                [
                    -0.6002840399742126,
                    -0.1552634984254837,
                    0.7845714092254639,
                    4.318653583526611
                ],
                [
                    -1.9553685604023485e-07,
                    0.9809756278991699,
                    0.19413094222545624,
                    1.600000023841858
                ],
                [
                    0.0,
                    0.0,
                    0.0,
                    1.0
                ]
            ]
        },
        {
            "file_path": "images/frame_0025",
            "transform_matrix": [
                [
                    -0.7193968892097473,
                    0.1316370964050293,
                    -0.682011604309082,
                    1.8136852979660034
                ],
                [
                    -0.6945992708206177,
                    -0.13633672893047333,
                    0.7063598036766052,
                    4.220219135284424
                ],
                [
                    -8.548556706955424e-08,
                    0.9818778038024902,
                    0.18951524794101715,
                    1.600000023841858
                ],
                [
                    0.0,
                    0.0,
                    0.0,
                    1.0
                ]
            ]
        },
        {
            "file_path": "images/frame_0026",
            "transform_matrix": [
                [
                    -0.63226717710495,
                    0.14367319643497467,
                    -0.7613121867179871,
                    1.6102044582366943
                ],
                [
                    -0.7747504115104675,
                    -0.11725053936243057,
                    0.6213003396987915,
                    4.1086931228637695
                ],
                [
                    -5.609841480236355e-08,
                    0.9826547503471375,
                    0.18544453382492065,
                    1.600000023841858
                ],
                [
                    0.0,
                    0.0,
                    0.0,
                    1.0
                ]
            ]
        },
        {
            "file_path": "images/frame_0027",
            "transform_matrix": [
                [
                    -0.5408942699432373,
                    0.15312759578227997,
                    -0.827034056186676,
                    1.4211061000823975
                ],
                [
                    -0.8410905599594116,
                    -0.09847459942102432,
                    0.5318546295166016,
                    3.98492431640625
                ],
                [
                    -2.230421216609102e-07,
                    0.9832876920700073,
                    0.18205852806568146,
                    1.600000023841858
                ],
                [
                    0.0,
                    0.0,
                    0.0,
                    1.0
                ]
            ]
        },
        {
            "file_path": "images/frame_0028",
            "transform_matrix": [
                [
                    -0.44736939668655396,
                    0.16050267219543457,
                    -0.8798292279243469,
                    1.2478293180465698
                ],
                [
                    -0.8943492770195007,
                    -0.08028624206781387,
                    0.44010624289512634,
                    3.849853992462158
                ],
                [
                    4.018490074031433e-08,
                    0.9837647080421448,
                    0.17946305871009827,
                    1.600000023841858
                ],
                [
                    0.0,
                    0.0,
                    0.0,
                    1.0
                ]
            ]
        },
        {
            "file_path": "images/frame_0029",
            "transform_matrix": [
                [
                    -0.35339516401290894,
                    0.16626963019371033,
                    -0.9205793142318726,
                    1.0916930437088013
                ],
                [
                    -0.935474157333374,
                    -0.0628119707107544,
                    0.3477683365345001,
                    3.704510450363159
                ],
                [
                    -8.740097001691538e-08,
                    0.9840777516365051,
                    0.17773838341236115,
                    1.600000023841858
                ],
                [
                    0.0,
                    0.0,
                    0.0,
                    1.0
                ]
            ]
        },
        {
            "file_path": "images/frame_0031",
            "transform_matrix": [
                [
                    -0.16927093267440796,
                    0.1745849996805191,
                    -0.9699832201004028,
                    0.8354551196098328
                ],
                [
                    -0.9855695366859436,
                    -0.02998490445315838,
                    0.1665939837694168,
                    3.387498378753662
                ],
                [
                    -4.265907094236354e-08,
                    0.9841854572296143,
                    0.1771412342786789,
                    1.600000023841858
                ],
                [
                    0.0,
                    0.0,
                    0.0,
                    1.0
                ]
            ]
        },
        {
            "file_path": "images/frame_0032",
            "transform_matrix": [
                [
                    -0.08105891942977905,
                    0.1777847558259964,
                    -0.9807252287864685,
                    0.7373036742210388
                ],
                [
                    -0.9967092871665955,
                    -0.014458538964390755,
                    0.07975900918245316,
                    3.2182424068450928
                ],
                [
                    8.175300081347814e-08,
                    0.9839631915092468,
                    0.17837171256542206,
                    1.600000023841858
                ],
                [
                    0.0,
                    0.0,
                    0.0,
                    1.0
                ]
            ]
        },
        {
            "file_path": "images/frame_0033",
            "transform_matrix": [
                [
                    0.0036214073188602924,
                    0.18068736791610718,
                    -0.9835339188575745,
                    0.6601780652999878
                ],
                [
                    -0.9999934434890747,
                    0.0006543307681567967,
                    -0.0035618033725768328,
                    3.043519973754883
                ],
                [
                    -1.6331428653870717e-08,
                    0.9835403561592102,
                    0.1806885451078415,
                    1.600000023841858
                ],
                [
                    0.0,
                    0.0,
                    0.0,
                    1.0
                ]
            ]
        },
        {
            "file_path": "images/frame_0034",
            "transform_matrix": [
                [
                    0.0842311903834343,
                    0.183492511510849,
                    -0.9794057607650757,
                    0.604665219783783
                ],
                [
                    -0.9964462518692017,
                    0.01551085151731968,
                    -0.08279073983430862,
                    2.86466121673584
                ],
                [
                    -6.419578824079508e-08,
                    0.9828987121582031,
                    0.184146910905838,
                    1.600000023841858
                ],
                [
                    0.0,
                    0.0,
                    0.0,
                    1.0
                ]
            ]
        },
        {
            "file_path": "images/frame_0035",
            "transform_matrix": [
                [
                    0.1603424996137619,
                    0.18636395037174225,
                    -0.9693083763122559,
                    0.5711876153945923
                ],
                [
                    -0.9870614409446716,
                    0.030273649841547012,
                    -0.15745864808559418,
                    2.6830270290374756
                ],
                [
                    -1.1248533127172777e-07,
                    0.9820142388343811,
                    0.18880681693553925,
                    1.600000023841858
                ],
                [
                    0.0,
                    0.0,
                    0.0,
                    1.0
                ]
            ]
        },
        {
            "file_path": "images/frame_0036",
            "transform_matrix": [
                [
                    0.23162026703357697,
                    0.1894357055425644,
                    -0.9541835188865662,
                    0.5600000023841858
                ],
                [
                    -0.9728062748908997,
                    0.04510366916656494,
                    -0.22718627750873566,
                    2.5
                ],
                [
                    -1.684944272994926e-08,
                    0.9808566570281982,
                    0.19473117589950562,
                    1.600000023841858
                ],
                [
                    0.0,
                    0.0,
                    0.0,
                    1.0
                ]
            ]
        },
        {
            "file_path": "images/frame_0037",
            "transform_matrix": [
                [
                    0.2978134751319885,
                    0.19281792640686035,
                    -0.9349483251571655,
                    0.5711876153945923
                ],
                [
                    -0.9546240568161011,
                    0.0601532943546772,
                    -0.29167523980140686,
                    2.3169729709625244
                ],
                [
                    5.618210785485189e-09,
                    0.9793890118598938,
                    0.20198309421539307,
                    1.600000023841858
                ],
                [
                    0.0,
                    0.0,
                    0.0,
                    1.0
                ]
            ]
        },
        {
            "file_path": "images/frame_0038",
            "transform_matrix": [
                [
                    0.3587501049041748,
                    0.19659624993801117,
                    -0.9124956130981445,
                    0.604665219783783
                ],
                [
                    -0.9334336519241333,
                    0.0755588635802269,
                    -0.3507028818130493,
                    2.13533878326416
                ],
                [
                    2.646124528382643e-07,
                    0.9775688052177429,
                    0.2106163054704666,
                    1.600000023841858
                ],
                [
                    0.0,
                    0.0,
                    0.0,
                    1.0
                ]
            ]
        },
        {
            "file_path": "images/frame_0039",
            "transform_matrix": [
                [
                    0.4143453538417816,
                    0.2008294314146042,
                    -0.8876854777336121,
                    0.6601780652999878
                ],
                [
                    -0.9101197123527527,
                    0.09143059700727463,
                    -0.40413182973861694,
                    1.9564800262451172
                ],
                [
                    4.294559374784512e-08,
                    0.9753502011299133,
                    0.2206626832485199,
                    1.600000023841858
                ],
                [
                    0.0,
                    0.0,
                    0.0,
                    1.0
                ]
            ]
        },
        {
            "file_path": "images/frame_0040",
            "transform_matrix": [
                [
                    0.4646153151988983,
                    0.2055409550666809,
                    -0.8613277673721313,
                    0.7373036742210388
                ],
                [
                    -0.88551265001297,
                    0.10784419625997543,
                    -0.4519259035587311,
                    1.7817577123641968
                ],
                [
                    -8.58549142890297e-08,
                    0.9726883172988892,
                    0.23211517930030823,
                    1.600000023841858
                ],
                [
                    0.0,
                    0.0,
                    0.0,
                    1.0
                ]
            ]
        },
        {
            "file_path": "images/frame_0041",
            "transform_matrix": [
                [
                    0.5097019076347351,
                    0.2107015997171402,
                    -0.834151566028595,
                    0.8354551196098328
                ],
                [
                    -0.8603510856628418,
                    0.12482692301273346,
                    -0.4941804111003876,
                    1.612501621246338
                ],
                [
                    -3.331112452542584e-08,
                    0.9695478677749634,
                    0.2449018657207489,
                    1.600000023841858
                ],
                [
                    0.0,
                    0.0,
                    0.0,
                    1.0
                ]
            ]
        },
        {
            "file_path": "images/frame_0042",
            "transform_matrix": [
                [
                    0.5499069094657898,
                    0.21620424091815948,
                    -0.8067578077316284,
                    0.9538853168487549
                ],
                [
                    -0.8352259397506714,
                    0.14234735071659088,
                    -0.5311636328697205,
                    1.4500000476837158
                ],
                [
                    -4.674944431570793e-09,
                    0.9659156203269958,
                    0.25885719060897827,
                    1.600000023841858
                ],
                [
                    0.0,
                    0.0,
                    0.0,
                    1.0
                ]
            ]
        },
        {
            "file_path": "images/frame_0043",
            "transform_matrix": [
                [
                    0.5857353210449219,
                    0.2218284159898758,
                    -0.7795551419258118,
                    1.0916930437088013
                ],
                [
                    -0.8105023503303528,
                    0.1603112816810608,
                    -0.563370406627655,
                    1.2954894304275513
                ],
                [
                    -6.951172082381163e-08,
                    0.9618172645568848,
                    0.27369245886802673,
                    1.600000023841858
                ],
                [
                    0.0,
                    0.0,
                    0.0,
                    1.0
                ]
            ]
        },
        {
            "file_path": "images/frame_0044",
            "transform_matrix": [
                [
                    0.617940366268158,
                    0.22719812393188477,
                    -0.7526823282241821,
                    1.2478293180465698
                ],
                [
                    -0.7862249612808228,
                    0.17856848239898682,
                    -0.5915772318840027,
                    1.1501460075378418
                ],
                [
                    1.0396486516128789e-07,
                    0.9573370814323425,
                    0.28897351026535034,
                    1.600000023841858
                ],
                [
                    0.0,
                    0.0,
                    0.0,
                    1.0
                ]
            ]
        },
        {
            "file_path": "images/frame_0045",
            "transform_matrix": [
                [
                    0.6475538015365601,
                    0.23174594342708588,
                    -0.7259255051612854,
                    1.4211061000823975
                ],
                [
                    -0.762019693851471,
                    0.19693449139595032,
                    -0.6168814897537231,
                    1.0150758028030396
                ],
                [
                    -9.464439898465571e-09,
                    0.9526335000991821,
                    0.30412065982818604,
                    1.600000023841858
                ],
                [
                    0.0,
                    0.0,
                    0.0,
                    1.0
                ]
            ]
        },
        {
            "file_path": "images/frame_0047",
            "transform_matrix": [
                [
                    0.7043882608413696,
                    0.23507675528526306,
                    -0.6697582006454468,
                    1.8136852979660034
                ],
                [
                    -0.7098148465156555,
                    0.23327960073947906,
                    -0.6646378636360168,
                    0.7797806859016418
                ],
                [
                    1.8905240040112403e-08,
                    0.9435674548149109,
                    0.3311803936958313,
                    1.600000023841858
                ],
                [
                    0.0,
                    0.0,
                    0.0,
                    1.0
                ]
            ]
        },
        {
            "file_path": "images/frame_0048",
            "transform_matrix": [
                [
                    0.7345530390739441,
                    0.23181869089603424,
                    -0.6377240419387817,
                    2.0299999713897705
                ],
                [
                    -0.6785512566566467,
                    0.25095099210739136,
                    -0.6903562545776367,
                    0.6813466548919678
                ],
                [
                    -1.6792581547520058e-08,
                    0.9398317337036133,
                    0.34163767099380493,
                    1.600000023841858
                ],
                [
                    0.0,
                    0.0,
                    0.0,
                    1.0
                ]
            ]
        },
        {
            "file_path": "images/frame_0050",
            "transform_matrix": [
                [
                    0.8037585616111755,
                    0.21033549308776855,
                    -0.5565349459648132,
                    2.4944608211517334
                ],
                [
                    -0.5949556231498718,
                    0.28415384888648987,
                    -0.7518540024757385,
                    0.5266454815864563
                ],
                [
                    -2.104455454343679e-08,
                    0.9354226589202881,
                    0.3535313606262207,
                    1.600000023841858
                ],
                [
                    0.0,
                    0.0,
                    0.0,
                    1.0
                ]
            ]
        },
        {
            "file_path": "images/frame_0051",
            "transform_matrix": [
                [
                    0.8427700996398926,
                    0.19073548913002014,
                    -0.5033472776412964,
                    2.73907208442688
                ],
                [
                    -0.5382736325263977,
                    0.29863283038139343,
                    -0.7880862355232239,
                    0.47155576944351196
                ],
                [
                    1.1802754329437448e-08,
                    0.9351140856742859,
                    0.35434672236442566,
                    1.600000023841858
                ],
                [
                    0.0,
                    0.0,
                    0.0,
                    1.0
                ]
            ]
        },
        {
            "file_path": "images/frame_0052",
            "transform_matrix": [
                [
                    0.8829309344291687,
                    0.16509708762168884,
                    -0.4395178258419037,
                    2.989474296569824
                ],
                [
                    -0.46950286626815796,
                    0.3104758858680725,
                    -0.8265420794487,
                    0.4319037199020386
                ],
                [
                    -4.6974832912383135e-09,
                    0.9361344575881958,
                    0.35164231061935425,
                    1.600000023841858
                ],
                [
                    0.0,
                    0.0,
                    0.0,
                    1.0
                ]
            ]
        },
        {
            "file_path": "images/frame_0053",
            "transform_matrix": [
                [
                    0.9216177463531494,
                    0.13411173224449158,
                    -0.3641904890537262,
                    3.2437620162963867
                ],
                [
                    -0.388098806142807,
                    0.3184748589992523,
                    -0.8648428320884705,
                    0.4079911410808563
                ],
                [
                    -5.7661207364390066e-08,
                    0.9383963942527771,
                    0.3455606698989868,
                    1.600000023841858
                ],
                [
                    0.0,
                    0.0,
                    0.0,
                    1.0
                ]
            ]
        },
        {
            "file_path": "images/frame_0054",
            "transform_matrix": [
                [
                    0.9555912613868713,
                    0.09913690388202667,
                    -0.27751970291137695,
