4 0.50000000 0.50000000 -0.50000000 0.50000000 0.30000000 1.00000000 -0.30000000 1 pos_X0.3_Y0.3_Z1.0_Yaw0.png
5 0.68301270 0.68301270 0.18301270 -0.18301270 -0.40980762 1.00000000 -0.10980762 1 pos_X0.3_Y0.3_Z1.0_Yaw120.png
6 -0.18301270 -0.18301270 -0.68301270 0.68301270 0.10980762 1.00000000 0.40980762 1 pos_X0.3_Y0.3_Z1.0_Yaw240.png
7 0.50000000 0.50000000 -0.50000000 0.50000000 0.30000000 1.50000000 -0.30000000 1 pos_X0.3_Y0.3_Z1.5_Yaw0.png
8 0.68301270 0.68301270 0.18301270 -0.18301270 -0.40980762 1.50000000 -0.10980762 1 pos_X0.3_Y0.3_Z1.5_Yaw120.png
9 -0.18301270 -0.18301270 -0.68301270 0.68301270 0.10980762 1.50000000 0.40980762 1 pos_X0.3_Y0.3_Z1.5_Yaw240.png
10 0.50000000 0.50000000 -0.50000000 0.50000000 0.30000000 2.00000000 -0.30000000 1 pos_X0.3_Y0.3_Z2.0_Yaw0.png
11 0.68301270 0.68301270 0.18301270 -0.18301270 -0.40980762 2.00000000 -0.10980762 1 pos_X0.3_Y0.3_Z2.0_Yaw120.png
12 -0.18301270 -0.18301270 -0.68301270 0.68301270 0.10980762 2.00000000 0.40980762 1 pos_X0.3_Y0.3_Z2.0_Yaw240.png
19 0.50000000 0.50000000 -0.50000000 0.50000000 0.80000000 1.00000000 -0.30000000 1 pos_X0.3_Y0.8_Z1.0_Yaw0.png
20 0.68301270 0.68301270 0.18301270 -0.18301270 -0.65980762 1.00000000 -0.54282032 1 pos_X0.3_Y0.8_Z1.0_Yaw120.png
21 -0.18301270 -0.18301270 -0.68301270 0.68301270 -0.14019238 1.00000000 0.84282032 1 pos_X0.3_Y0.8_Z1.0_Yaw240.png
22 0.50000000 0.50000000 -0.50000000 0.50000000 0.80000000 1.50000000 -0.30000000 1 pos_X0.3_Y0.8_Z1.5_Yaw0.png
23 0.68301270 0.68301270 0.18301270 -0.18301270 -0.65980762 1.50000000 -0.54282032 1 pos_X0.3_Y0.8_Z1.5_Yaw120.png
24 -0.18301270 -0.18301270 -0.68301270 0.68301270 -0.14019238 1.50000000 0.84282032 1 pos_X0.3_Y0.8_Z1.5_Yaw240.png
25 0.50000000 0.50000000 -0.50000000 0.50000000 0.80000000 2.00000000 -0.30000000 1 pos_X0.3_Y0.8_Z2.0_Yaw0.png
26 0.68301270 0.68301270 0.18301270 -0.18301270 -0.65980762 2.00000000 -0.54282032 1 pos_X0.3_Y0.8_Z2.0_Yaw120.png
27 -0.18301270 -0.18301270 -0.68301270 0.68301270 -0.14019238 2.00000000 0.84282032 1 pos_X0.3_Y0.8_Z2.0_Yaw240.png
106 0.50000000 0.50000000 -0.50000000 0.50000000 3.80000000 0.50000000 -0.30000000 1 pos_X0.3_Y3.8_Z0.5_Yaw0.png
107 0.68301270 0.68301270 0.18301270 -0.18301270 -2.15980762 0.50000000 -3.14089653 1 pos_X0.3_Y3.8_Z0.5_Yaw120.png
108 -0.18301270 -0.18301270 -0.68301270 0.68301270 -1.64019238 0.50000000 3.44089653 1 pos_X0.3_Y3.8_Z0.5_Yaw240.png
109 0.50000000 0.50000000 -0.50000000 0.50000000 3.80000000 1.00000000 -0.30000000 1 pos_X0.3_Y3.8_Z1.0_Yaw0.png
110 0.68301270 0.68301270 0.18301270 -0.18301270 -2.15980762 1.00000000 -3.14089653 1 pos_X0.3_Y3.8_Z1.0_Yaw120.png
111 -0.18301270 -0.18301270 -0.68301270 0.68301270 -1.64019238 1.00000000 3.44089653 1 pos_X0.3_Y3.8_Z1.0_Yaw240.png
121 0.50000000 0.50000000 -0.50000000 0.50000000 4.30000000 0.50000000 -0.30000000 1 pos_X0.3_Y4.3_Z0.5_Yaw0.png
122 0.68301270 0.68301270 0.18301270 -0.18301270 -2.40980762 0.50000000 -3.57390924 1 pos_X0.3_Y4.3_Z0.5_Yaw120.png
123 -0.18301270 -0.18301270 -0.68301270 0.68301270 -1.89019238 0.50000000 3.87390924 1 pos_X0.3_Y4.3_Z0.5_Yaw240.png
124 0.50000000 0.50000000 -0.50000000 0.50000000 4.30000000 1.00000000 -0.30000000 1 pos_X0.3_Y4.3_Z1.0_Yaw0.png
125 0.68301270 0.68301270 0.18301270 -0.18301270 -2.40980762 1.00000000 -3.57390924 1 pos_X0.3_Y4.3_Z1.0_Yaw120.png
126 -0.18301270 -0.18301270 -0.68301270 0.68301270 -1.89019238 1.00000000 3.87390924 1 pos_X0.3_Y4.3_Z1.0_Yaw240.png
139 0.50000000 0.50000000 -0.50000000 0.50000000 0.30000000 1.00000000 -0.80000000 1 pos_X0.8_Y0.3_Z1.0_Yaw0.png
140 0.68301270 0.68301270 0.18301270 -0.18301270 -0.84282032 1.00000000 0.14019238 1 pos_X0.8_Y0.3_Z1.0_Yaw120.png
141 -0.18301270 -0.18301270 -0.68301270 0.68301270 0.54282032 1.00000000 0.65980762 1 pos_X0.8_Y0.3_Z1.0_Yaw240.png
142 0.50000000 0.50000000 -0.50000000 0.50000000 0.30000000 1.50000000 -0.80000000 1 pos_X0.8_Y0.3_Z1.5_Yaw0.png
143 0.68301270 0.68301270 0.18301270 -0.18301270 -0.84282032 1.50000000 0.14019238 1 pos_X0.8_Y0.3_Z1.5_Yaw120.png
144 -0.18301270 -0.18301270 -0.68301270 0.68301270 0.54282032 1.50000000 0.65980762 1 pos_X0.8_Y0.3_Z1.5_Yaw240.png
145 0.50000000 0.50000000 -0.50000000 0.50000000 0.30000000 2.00000000 -0.80000000 1 pos_X0.8_Y0.3_Z2.0_Yaw0.png
146 0.68301270 0.68301270 0.18301270 -0.18301270 -0.84282032 2.00000000 0.14019238 1 pos_X0.8_Y0.3_Z2.0_Yaw120.png
147 -0.18301270 -0.18301270 -0.68301270 0.68301270 0.54282032 2.00000000 0.65980762 1 pos_X0.8_Y0.3_Z2.0_Yaw240.png
154 0.50000000 0.50000000 -0.50000000 0.50000000 0.80000000 1.00000000 -0.80000000 1 pos_X0.8_Y0.8_Z1.0_Yaw0.png
155 0.68301270 0.68301270 0.18301270 -0.18301270 -1.09282032 1.00000000 -0.29282032 1 pos_X0.8_Y0.8_Z1.0_Yaw120.png
156 -0.18301270 -0.18301270 -0.68301270 0.68301270 0.29282032 1.00000000 1.09282032 1 pos_X0.8_Y0.8_Z1.0_Yaw240.png
157 0.50000000 0.50000000 -0.50000000 0.50000000 0.80000000 1.50000000 -0.80000000 1 pos_X0.8_Y0.8_Z1.5_Yaw0.png
158 0.68301270 0.68301270 0.18301270 -0.18301270 -1.09282032 1.50000000 -0.29282032 1 pos_X0.8_Y0.8_Z1.5_Yaw120.png
159 -0.18301270 -0.18301270 -0.68301270 0.68301270 0.29282032 1.50000000 1.09282032 1 pos_X0.8_Y0.8_Z1.5_Yaw240.png
160 0.50000000 0.50000000 -0.50000000 0.50000000 0.80000000 2.00000000 -0.80000000 1 pos_X0.8_Y0.8_Z2.0_Yaw0.png
161 0.68301270 0.68301270 0.18301270 -0.18301270 -1.09282032 2.00000000 -0.29282032 1 pos_X0.8_Y0.8_Z2.0_Yaw120.png
162 -0.18301270 -0.18301270 -0.68301270 0.68301270 0.29282032 2.00000000 1.09282032 1 pos_X0.8_Y0.8_Z2.0_Yaw240.png
241 0.50000000 0.50000000 -0.50000000 0.50000000 3.80000000 0.50000000 -0.80000000 1 pos_X0.8_Y3.8_Z0.5_Yaw0.png
242 0.68301270 0.68301270 0.18301270 -0.18301270 -2.59282032 0.50000000 -2.89089653 1 pos_X0.8_Y3.8_Z0.5_Yaw120.png
243 -0.18301270 -0.18301270 -0.68301270 0.68301270 -1.20717968 0.50000000 3.69089653 1 pos_X0.8_Y3.8_Z0.5_Yaw240.png
244 0.50000000 0.50000000 -0.50000000 0.50000000 3.80000000 1.00000000 -0.80000000 1 pos_X0.8_Y3.8_Z1.0_Yaw0.png
245 0.68301270 0.68301270 0.18301270 -0.18301270 -2.59282032 1.00000000 -2.89089653 1 pos_X0.8_Y3.8_Z1.0_Yaw120.png
246 -0.18301270 -0.18301270 -0.68301270 0.68301270 -1.20717968 1.00000000 3.69089653 1 pos_X0.8_Y3.8_Z1.0_Yaw240.png
256 0.50000000 0.50000000 -0.50000000 0.50000000 4.30000000 0.50000000 -0.80000000 1 pos_X0.8_Y4.3_Z0.5_Yaw0.png
257 0.68301270 0.68301270 0.18301270 -0.18301270 -2.84282032 0.50000000 -3.32390924 1 pos_X0.8_Y4.3_Z0.5_Yaw120.png
258 -0.18301270 -0.18301270 -0.68301270 0.68301270 -1.45717968 0.50000000 4.12390924 1 pos_X0.8_Y4.3_Z0.5_Yaw240.png
259 0.50000000 0.50000000 -0.50000000 0.50000000 4.30000000 1.00000000 -0.80000000 1 pos_X0.8_Y4.3_Z1.0_Yaw0.png
260 0.68301270 0.68301270 0.18301270 -0.18301270 -2.84282032 1.00000000 -3.32390924 1 pos_X0.8_Y4.3_Z1.0_Yaw120.png
261 -0.18301270 -0.18301270 -0.68301270 0.68301270 -1.45717968 1.00000000 4.12390924 1 pos_X0.8_Y4.3_Z1.0_Yaw240.png
