{
    "camera_angle_x": 1.4656301736831665,
    "frames": [
        {
            "file_path": "images/frame_0000",
            "transform_matrix": [
                [
                    -4.371138828673793e-08,
                    -0.39391911029815674,
                    0.9191451072692871,
                    5.599999904632568
                ],
                [
                    1.0,
                    -8.190068712110588e-08,
                    1.2456299103291713e-08,
                    2.5
                ],
                [
                    7.037183991087659e-08,
                    0.9191451072692871,
                    0.39391911029815674,
                    1.600000023841858
                ],
                [
                    0.0,
                    0.0,
                    0.0,
                    1.0
                ]
            ]
        },
        {
            "file_path": "images/frame_0001",
            "transform_matrix": [
                [
                    0.020930863916873932,
                    -0.3917256295681,
                    0.9198439717292786,
                    5.5920090675354
                ],
                [
                    0.9997809529304504,
                    0.008200970478355885,
                    -0.01925734058022499,
                    2.6220180988311768
                ],
                [
                    -2.004129129318244e-08,
                    0.9200455546379089,
                    0.39181146025657654,
                    1.600000023841858
                ],
                [
                    0.0,
                    0.0,
                    0.0,
                    1.0
                ]
            ]
        },
        {
            "file_path": "images/frame_0002",
            "transform_matrix": [
                [
                    0.03675117343664169,
                    -0.38557568192481995,
                    0.9219440221786499,
                    5.568096160888672
                ],
                [
                    0.9993244409561157,
                    0.014179954305291176,
                    -0.03390542417764664,
                    2.743107557296753
                ],
                [
                    -1.75762178145078e-08,
                    0.9225672483444214,
                    0.38583633303642273,
                    1.600000023841858
                ],
                [
                    0.0,
                    0.0,
                    0.0,
                    1.0
                ]
            ]
        },
        {
            "file_path": "images/frame_0003",
            "transform_matrix": [
                [
                    0.04326013848185539,
                    -0.37655991315841675,
                    0.9253816604614258,
                    5.528444290161133
                ],
                [
                    0.9990638494491577,
                    0.016305305063724518,
                    -0.04006964713335037,
                    2.862346649169922
                ],
                [
                    -6.952102005186589e-09,
                    0.9262487888336182,
                    0.37691277265548706,
                    1.600000023841858
                ],
                [
                    0.0,
                    0.0,
                    0.0,
                    1.0
                ]
            ]
        },
        {
            "file_path": "images/frame_0004",
            "transform_matrix": [
                [
                    0.03765391558408737,
                    -0.3659718334674835,
                    0.9298638701438904,
                    5.473354339599609
                ],
                [
                    0.9992908239364624,
                    0.013790091499686241,
                    -0.035037849098443985,
                    2.978828191757202
                ],
                [
                    -4.148320442709519e-08,
                    0.9305237531661987,
                    0.3662315607070923,
                    1.600000023841858
                ],
                [
                    0.0,
                    0.0,
                    0.0,
                    1.0
                ]
            ]
        },
        {
            "file_path": "images/frame_0005",
            "transform_matrix": [
                [
                    0.01850411668419838,
                    -0.3548924922943115,
                    0.934723973274231,
                    5.4032464027404785
                ],
                [
                    0.9998287558555603,
                    0.006568195763975382,
                    -0.017299164086580276,
                    3.091665506362915
                ],
                [
                    -1.0632865610205045e-07,
                    0.9348840117454529,
                    0.3549532890319824,
                    1.600000023841858
                ],
                [
                    0.0,
                    0.0,
                    0.0,
                    1.0
                ]
            ]
        },
        {
            "file_path": "images/frame_0006",
            "transform_matrix": [
                [
                    -0.0145647581666708,
                    -0.3439790904521942,
                    0.9388643503189087,
                    5.318653583526611
                ],
                [
                    0.9998939037322998,
                    -0.005010487511754036,
                    0.013675788417458534,
                    3.200000047683716
                ],
                [
                    -1.7349599090721313e-08,
                    0.9389639496803284,
                    0.34401556849479675,
                    1.600000023841858
                ],
                [
                    0.0,
                    0.0,
                    0.0,
                    1.0
                ]
            ]
        },
        {
            "file_path": "images/frame_0008",
            "transform_matrix": [
                [
                    -0.1207895427942276,
                    -0.32310450077056885,
                    0.9386231303215027,
                    5.1086931228637695
                ],
                [
                    0.992678165435791,
                    -0.039315495640039444,
                    0.11421211063861847,
                    3.399902582168579
                ],
                [
                    -9.600043426871707e-09,
                    0.9455462694168091,
                    0.3254876732826233,
                    1.600000023841858
                ],
                [
                    0.0,
                    0.0,
                    0.0,
                    1.0
                ]
            ]
        },
        {
            "file_path": "images/frame_0009",
            "transform_matrix": [
                [
                    -0.1921701282262802,
                    -0.31250596046447754,
                    0.930274486541748,
                    4.98492431640625
                ],
                [
                    0.9813616275787354,
                    -0.0611947737634182,
                    0.18216629326343536,
                    3.4899494647979736
                ],
                [
                    -1.136208140906092e-07,
                    0.9479426145553589,
                    0.3184411823749542,
                    1.600000023841858
                ],
                [
                    0.0,
                    0.0,
                    0.0,
                    1.0
                ]
            ]
        },
        {
            "file_path": "images/frame_0010",
            "transform_matrix": [
                [
                    -0.27404487133026123,
                    -0.30094873905181885,
                    0.9134162664413452,
                    4.849853992462158
                ],
                [
                    0.961716890335083,
                    -0.08575636893510818,
                    0.26028144359588623,
                    3.572462320327759
                ],
                [
                    -1.1385902354277277e-07,
                    0.9497766494750977,
                    0.31292858719825745,
                    1.600000023841858
                ],
                [
                    0.0,
                    0.0,
                    0.0,
                    1.0
                ]
            ]
        },
        {
            "file_path": "images/frame_0011",
            "transform_matrix": [
                [
                    -0.3646901249885559,
                    -0.2875572144985199,
                    0.8856138586997986,
                    4.704510688781738
                ],
                [
                    0.9311289191246033,
                    -0.11262580752372742,
                    0.3468635380268097,
                    3.646812915802002
                ],
                [
                    -1.4151549976304523e-07,
                    0.9511184096336365,
                    0.30882635712623596,
                    1.600000023841858
                ],
                [
                    0.0,
                    0.0,
                    0.0,
                    1.0
                ]
            ]
        },
        {
            "file_path": "images/frame_0012",
            "transform_matrix": [
                [
                    -0.46185949444770813,
                    -0.27133068442344666,
                    0.8444320559501648,
                    4.550000190734863
                ],
                [
                    0.8869531154632568,
                    -0.14128880202770233,
                    0.43971771001815796,
                    3.712435483932495
                ],
                [
                    -1.117825760843516e-07,
                    0.9520594477653503,
                    0.30591315031051636,
                    1.600000023841858
                ],
                [
                    0.0,
                    0.0,
                    0.0,
                    1.0
                ]
            ]
        },
        {
            "file_path": "images/frame_0013",
            "transform_matrix": [
                [
                    -0.5626258850097656,
                    -0.2512240409851074,
                    0.7876157760620117,
                    4.387498378753662
                ],
                [
                    0.8267116546630859,
                    -0.17097273468971252,
                    0.5360188484191895,
                    3.7688310146331787
                ],
                [
                    4.786090190833647e-09,
                    0.9527091979980469,
                    0.30388352274894714,
                    1.600000023841858
                ],
                [
                    0.0,
                    0.0,
                    0.0,
                    1.0
                ]
            ]
        },
        {
            "file_path": "images/frame_0014",
            "transform_matrix": [
                [
                    -0.6632611155509949,
                    -0.22628292441368103,
                    0.7133587598800659,
                    4.218242168426514
                ],
                [
                    0.7483880519866943,
                    -0.20054401457309723,
                    0.6322162747383118,
                    3.8155696392059326
                ],
                [
                    8.64170104364348e-08,
                    0.9531936645507812,
                    0.302360475063324,
                    1.600000023841858
                ],
                [
                    0.0,
                    0.0,
                    0.0,
                    1.0
                ]
            ]
        },
        {
            "file_path": "images/frame_0016",
            "transform_matrix": [
                [
                    -0.845380425453186,
                    -0.15977506339550018,
                    0.5097095966339111,
                    3.86466121673584
                ],
                [
                    0.5341647267341614,
                    -0.2528633177280426,
                    0.8066772818565369,
                    3.8787307739257812
                ],
                [
                    -4.755672833312019e-08,
                    0.9542180299758911,
                    0.29911190271377563,
                    1.600000023841858
                ],
                [
                    0.0,
                    0.0,
                    0.0,
                    1.0
                ]
            ]
        },
        {
            "file_path": "images/frame_0017",
            "transform_matrix": [
                [
                    -0.9164073467254639,
                    -0.11869005858898163,
                    0.38224369287490845,
                    3.6830270290374756
                ],
                [
                    0.40024688839912415,
                    -0.27175381779670715,
                    0.8751869797706604,
                    3.8946726322174072
                ],
                [
                    1.8508436028241704e-07,
                    0.9550196528434753,
                    0.29654252529144287,
                    1.600000023841858
                ],
                [
                    0.0,
                    0.0,
                    0.0,
                    1.0
                ]
            ]
        },
        {
            "file_path": "images/frame_0019",
            "transform_matrix": [
                [
                    -0.9953027367591858,
                    -0.027890125289559364,
                    0.09270729869604111,
                    3.3169729709625244
                ],
                [
                    0.0968116894364357,
                    -0.28673261404037476,
                    0.9531064629554749,
                    3.8946726322174072
                ],
                [
                    -5.1083247853966895e-08,
                    0.9576045870780945,
                    0.28808584809303284,
                    1.600000023841858
                ],
                [
                    0.0,
                    0.0,
                    0.0,
                    1.0
                ]
            ]
        },
        {
            "file_path": "images/frame_0021",
            "transform_matrix": [
                [
                    -0.9764474034309387,
                    0.059385914355516434,
                    -0.20742173492908478,
                    2.956480026245117
                ],
                [
                    -0.21575556695461273,
                    -0.26876339316368103,
                    0.9387309551239014,
                    3.8522961139678955
                ],
                [
                    2.6900403682361684e-08,
                    0.9613738059997559,
                    0.27524617314338684,
                    1.600000023841858
                ],
                [
                    0.0,
                    0.0,
                    0.0,
                    1.0
                ]
            ]
        },
        {
            "file_path": "images/frame_0022",
            "transform_matrix": [
                [
                    -0.9325584769248962,
                    0.09668785333633423,
                    -0.3478306829929352,
                    2.7817575931549072
                ],
                [
                    -0.3610190153121948,
                    -0.2497570663690567,
                    0.8984913229942322,
                    3.8155696392059326
                ],
                [
                    2.8287907127833023e-08,
                    0.9634692072868347,
                    0.26781922578811646,
                    1.600000023841858
                ],
                [
                    0.0,
                    0.0,
                    0.0,
                    1.0
                ]
            ]
        },
        {
            "file_path": "images/frame_0023",
            "transform_matrix": [
                [
                    -0.8698910474777222,
                    0.1283649504184723,
                    -0.4762478470802307,
                    2.612501621246338
                ],
                [
                    -0.49324390292167664,
                    -0.22638599574565887,
                    0.8399165868759155,
                    3.7688310146331787
                ],
                [
                    1.2322055376046137e-08,
                    0.9655422568321228,
                    0.2602463662624359,
                    1.600000023841858
                ],
                [
                    0.0,
                    0.0,
                    0.0,
                    1.0
                ]
            ]
        },
        {
            "file_path": "images/frame_0024",
            "transform_matrix": [
                [
                    -0.792405903339386,
                    0.1542830914258957,
                    -0.5901606678962708,
                    2.450000047683716
                ],
                [
                    -0.6099941730499268,
                    -0.20041999220848083,
                    0.7666413187980652,
                    3.712435483932495
                ],
                [
                    -1.9639453796571615e-07,
                    0.9674856662750244,
                    0.2529257833957672,
                    1.600000023841858
                ],
                [
                    0.0,
                    0.0,
                    0.0,
                    1.0
                ]
            ]
        },
        {
            "file_path": "images/frame_0025",
            "transform_matrix": [
                [
                    -0.7040271162986755,
                    0.1748470515012741,
                    -0.6883126497268677,
                    2.295489549636841
                ],
                [
                    -0.7101731300354004,
                    -0.17333386838436127,
                    0.6823558807373047,
                    3.646812915802002
                ],
                [
                    1.2747007005486921e-08,
                    0.9692181944847107,
                    0.24620342254638672,
                    1.600000023841858
                ],
                [
                    0.0,
                    0.0,
                    0.0,
                    1.0
                ]
            ]
        },
        {
            "file_path": "images/frame_0026",
            "transform_matrix": [
                [
                    -0.608292818069458,
                    0.19077348709106445,
                    -0.7704448699951172,
                    2.150146007537842
                ],
                [
                    -0.7937126755714417,
                    -0.14620663225650787,
                    0.5904606580734253,
                    3.572462320327759
                ],
                [
                    9.329169614602506e-08,
                    0.9706848859786987,
                    0.24035578966140747,
                    1.600000023841858
                ],
                [
                    0.0,
                    0.0,
                    0.0,
                    1.0
                ]
            ]
        },
        {
            "file_path": "images/frame_0027",
            "transform_matrix": [
                [
                    -0.5081968307495117,
                    0.20290222764015198,
                    -0.8369985818862915,
                    2.01507568359375
                ],
                [
                    -0.8612409830093384,
                    -0.11972732096910477,
                    0.4938920736312866,
                    3.4899494647979736
                ],
                [
                    2.060093038380728e-07,
                    0.9718518853187561,
                    0.23559275269508362,
                    1.600000023841858
                ],
                [
                    0.0,
                    0.0,
                    0.0,
                    1.0
                ]
            ]
        },
        {
            "file_path": "images/frame_0028",
            "transform_matrix": [
                [
                    -0.40617063641548157,
                    0.2120647132396698,
                    -0.8888497948646545,
                    1.8913066387176514
                ],
                [
                    -0.9137972593307495,
                    -0.0942598506808281,
                    0.39508184790611267,
                    3.399902582168579
                ],
                [
                    7.235749421852233e-08,
                    0.9726991653442383,
                    0.232069730758667,
                    1.600000023841858
                ],
                [
                    0.0,
                    0.0,
                    0.0,
                    1.0
                ]
            ]
        },
        {
            "file_path": "images/frame_0029",
            "transform_matrix": [
                [
                    -0.3041386902332306,
                    0.21901342272758484,
                    -0.9271098971366882,
                    1.7797807455062866
                ],
                [
                    -0.9526277780532837,
                    -0.06992284208536148,
                    0.29599177837371826,
                    3.303007125854492
                ],
                [
                    1.623812551088122e-08,
                    0.9732131958007812,
                    0.22990451753139496,
                    1.600000023841858
                ],
                [
                    0.0,
                    0.0,
                    0.0,
                    1.0
                ]
            ]
        },
        {
            "file_path": "images/frame_0031",
            "transform_matrix": [
                [
                    -0.10575252026319504,
                    0.22874188423156738,
                    -0.9677259922027588,
                    1.5967535972595215
                ],
                [
                    -0.994392454624176,
                    -0.02432633563876152,
                    0.10291659832000732,
                    3.091665506362915
                ],
                [
                    1.0888408752407486e-07,
                    0.9731830954551697,
                    0.23003177344799042,
                    1.600000023841858
                ],
                [
                    0.0,
                    0.0,
                    0.0,
                    1.0
                ]
            ]
        },
        {
            "file_path": "images/frame_0032",
            "transform_matrix": [
                [
                    -0.011505750939249992,
                    0.23249992728233337,
                    -0.972528338432312,
                    1.526645541191101
                ],
                [
                    -0.9999337792396545,
                    -0.0026752001140266657,
                    0.011190425604581833,
                    2.978828191757202
                ],
                [
                    6.516643225040752e-08,
                    0.9725927114486694,
                    0.23251532018184662,
                    1.600000023841858
                ],
                [
                    0.0,
                    0.0,
                    0.0,
                    1.0
                ]
            ]
        },
        {
            "file_path": "images/frame_0033",
            "transform_matrix": [
                [
                    0.0783868283033371,
                    0.23603200912475586,
                    -0.9685785174369812,
                    1.4715557098388672
                ],
                [
                    -0.99692302942276,
                    0.01855882629752159,
                    -0.07615815848112106,
                    2.862346649169922
                ],
                [
                    -8.23536652205803e-08,
                    0.9715680480003357,
                    0.23676051199436188,
                    1.600000023841858
                ],
                [
                    0.0,
                    0.0,
                    0.0,
                    1.0
                ]
            ]
        },
        {
            "file_path": "images/frame_0034",
            "transform_matrix": [
                [
                    0.16331039369106293,
                    0.23964625597000122,
                    -0.9570263028144836,
                    1.4319037199020386
                ],
                [
                    -0.9865747094154358,
                    0.0396694578230381,
                    -0.15841913223266602,
                    2.743107557296753
                ],
                [
                    1.6436493410765252e-07,
                    0.9700495004653931,
                    0.24290738999843597,
                    1.600000023841858
                ],
                [
                    0.0,
                    0.0,
                    0.0,
                    1.0
                ]
            ]
        },
        {
            "file_path": "images/frame_0035",
            "transform_matrix": [
                [
                    0.24274317920207977,
                    0.24361355602741241,
                    -0.9390038251876831,
                    1.4079911708831787
                ],
                [
                    -0.9700905680656433,
                    0.060958679765462875,
                    -0.23496443033218384,
                    2.6220180988311768
                ],
                [
                    -9.053067628883582e-08,
                    0.9679548144340515,
                    0.2511245310306549,
                    1.600000023841858
                ],
                [
                    0.0,
                    0.0,
                    0.0,
                    1.0
                ]
            ]
        },
        {
            "file_path": "images/frame_0036",
            "transform_matrix": [
                [
                    0.3162277042865753,
                    0.24818715453147888,
                    -0.915643572807312,
                    1.399999976158142
                ],
                [
                    -0.9486833214759827,
                    0.08272913843393326,
                    -0.30521443486213684,
                    2.5
                ],
                [
                    1.0816562223681103e-07,
                    0.965173065662384,
                    0.26161226630210876,
                    1.600000023841858
                ],
                [
                    0.0,
                    0.0,
                    0.0,
                    1.0
                ]
            ]
        },
        {
            "file_path": "images/frame_0037",
            "transform_matrix": [
                [
                    0.3833509683609009,
                    0.25362008810043335,
                    -0.8880984783172607,
                    1.4079911708831787
                ],
                [
                    -0.9236027598381042,
                    0.10526776313781738,
                    -0.36861452460289,
                    2.3779819011688232
                ],
                [
                    9.575970238984155e-08,
                    0.9615589380264282,
                    0.2745986878871918,
                    1.600000023841858
                ],
                [
                    0.0,
                    0.0,
                    0.0,
                    1.0
                ]
            ]
        },
        {
            "file_path": "images/frame_0038",
            "transform_matrix": [
                [
                    0.4437277317047119,
                    0.2601805031299591,
                    -0.8575615286827087,
                    1.4319037199020386
                ],
                [
                    -0.896161675453186,
                    0.12882640957832336,
                    -0.42461517453193665,
                    2.256892442703247
                ],
                [
                    -1.7508941851929194e-08,
                    0.9569272994995117,
                    0.29032763838768005,
                    1.600000023841858
                ],
                [
                    0.0,
                    0.0,
                    0.0,
                    1.0
                ]
            ]
        },
        {
            "file_path": "images/frame_0039",
            "transform_matrix": [
                [
                    0.4969910979270935,
                    0.26816561818122864,
                    -0.8252800107002258,
                    1.4715557098388672
                ],
                [
                    -0.867755651473999,
                    0.15358684957027435,
                    -0.4726639688014984,
                    2.137653350830078
                ],
                [
                    -6.232911431425237e-08,
                    0.9510511755943298,
                    0.30903351306915283,
                    1.600000023841858
                ],
                [
                    0.0,
                    0.0,
                    0.0,
                    1.0
                ]
            ]
        },
        {
            "file_path": "images/frame_0040",
            "transform_matrix": [
                [
                    0.5427883863449097,
                    0.27790752053260803,
                    -0.7925580143928528,
                    1.526645541191101
                ],
                [
                    -0.839869499206543,
                    0.17960520088672638,
                    -0.5122120380401611,
                    2.021171808242798
                ],
                [
                    -2.602237714199873e-08,
                    0.9436680674552917,
                    0.3308936655521393,
                    1.600000023841858
                ],
                [
                    0.0,
                    0.0,
                    0.0,
                    1.0
                ]
            ]
        },
        {
            "file_path": "images/frame_0041",
            "transform_matrix": [
                [
                    0.5807897448539734,
                    0.2897588610649109,
                    -0.7607384920120239,
                    1.5967535972595215
                ],
                [
                    -0.8140535950660706,
                    0.2067296952009201,
                    -0.5427518486976624,
                    1.9083343744277954
                ],
                [
                    9.150090818366152e-08,
                    0.9345066547393799,
                    0.35594573616981506,
                    1.600000023841858
                ],
                [
                    0.0,
                    0.0,
                    0.0,
                    1.0
                ]
            ]
        },
        {
            "file_path": "images/frame_0042",
            "transform_matrix": [
                [
                    0.6107218265533447,
                    0.30404481291770935,
                    -0.7311467528343201,
                    1.6813466548919678
                ],
                [
                    -0.7918452024459839,
                    0.234498992562294,
                    -0.5639072060585022,
                    1.7999999523162842
                ],
                [
                    1.0865984734209633e-07,
                    0.9233455061912537,
                    0.38397008180618286,
                    1.600000023841858
                ],
                [
                    0.0,
                    0.0,
                    0.0,
                    1.0
                ]
            ]
        },
        {
            "file_path": "images/frame_0043",
            "transform_matrix": [
                [
                    0.6324514746665955,
                    0.32094448804855347,
                    -0.7049821019172668,
                    1.7797807455062866
                ],
                [
                    -0.7745999693870544,
                    0.26204732060432434,
                    -0.5756093263626099,
                    1.6969929933547974
                ],
                [
                    4.447292667464353e-08,
                    0.9101240634918213,
                    0.41433581709861755,
                    1.600000023841858
                ],
                [
                    0.0,
                    0.0,
                    0.0,
                    1.0
                ]
            ]
        },
        {
            "file_path": "images/frame_0044",
            "transform_matrix": [
                [
                    0.646162748336792,
                    0.34027573466300964,
                    -0.6831442713737488,
                    1.8913066387176514
                ],
                [
                    -0.7631996273994446,
                    0.2880944609642029,
                    -0.5783838629722595,
                    1.6000972986221313
                ],
                [
                    8.113792659969477e-08,
                    0.8951056003570557,
                    0.44585421681404114,
                    1.600000023841858
                ],
                [
                    0.0,
                    0.0,
                    0.0,
                    1.0
                ]
            ]
        },
        {
            "file_path": "images/frame_0045",
            "transform_matrix": [
                [
                    0.6526684761047363,
                    0.3611946702003479,
                    -0.6660047173500061,
                    2.01507568359375
                ],
                [
                    -0.7576436400413513,
                    0.3111495077610016,
                    -0.5737265348434448,
                    1.5100505352020264
                ],
                [
                    6.28209875230823e-08,
                    0.8790474534034729,
                    0.47673431038856506,
                    1.600000023841858
                ],
                [
                    0.0,
                    0.0,
                    0.0,
                    1.0
                ]
            ]
        },
        {
            "file_path": "images/frame_0047",
            "transform_matrix": [
                [
                    0.6529583930969238,
                    0.3996381461620331,
                    -0.6433775424957275,
                    2.295489549636841
                ],
                [
                    -0.7573937773704529,
                    0.34453293681144714,
                    -0.5546635985374451,
                    1.353187084197998
                ],
                [
                    2.0584234761145126e-08,
                    0.8494624495506287,
                    0.5276491045951843,
                    1.600000023841858
                ],
                [
                    0.0,
                    0.0,
                    0.0,
                    1.0
                ]
            ]
        },
        {
            "file_path": "images/frame_0048",
            "transform_matrix": [
                [
                    0.6546534895896912,
                    0.41105297207832336,
                    -0.6344007253646851,
                    2.450000047683716
                ],
                [
                    -0.7559291124343872,
                    0.35598209500312805,
                    -0.5494069457054138,
                    1.2875643968582153
                ],
                [
                    -6.11964026120404e-08,
                    0.8392331004142761,
                    0.5437718033790588,
                    1.600000023841858
                ],
                [
                    0.0,
                    0.0,
                    0.0,
                    1.0
                ]
            ]
        },
        {
            "file_path": "images/frame_0050",
            "transform_matrix": [
                [
                    0.6851651072502136,
                    0.40331897139549255,
                    -0.6065332293510437,
                    2.7817575931549072
                ],
                [
                    -0.7283877730369568,
                    0.37938591837882996,
                    -0.570541501045227,
                    1.1844303607940674
                ],
                [
                    -4.9171895000199584e-08,
                    0.8327065110206604,
                    0.5537145733833313,
                    1.600000023841858
                ],
                [
                    0.0,
                    0.0,
                    0.0,
                    1.0
                ]
            ]
        },
        {
            "file_path": "images/frame_0051",
            "transform_matrix": [
                [
                    0.7197819352149963,
                    0.3807971179485321,
                    -0.5804373621940613,
                    2.956480026245117
                ],
                [
                    -0.6942002177238464,
                    0.39482972025871277,
                    -0.6018268465995789,
                    1.1477038860321045
                ],
                [
                    -1.3117022135133993e-08,
                    0.8361238241195679,
                    0.5485407710075378,
                    1.600000023841858
                ],
                [
                    0.0,
                    0.0,
                    0.0,
                    1.0
                ]
            ]
        },
        {
            "file_path": "images/frame_0052",
            "transform_matrix": [
                [
                    0.7664996981620789,
                    0.3454017639160156,
                    -0.5414571762084961,
                    3.13533878326416
                ],
                [
                    -0.6422446966171265,
                    0.4122265875339508,
                    -0.6462128162384033,
                    1.1212691068649292
                ],
                [
                    -5.8287312754146114e-09,
                    0.8430699110031128,
                    0.5378040075302124,
                    1.600000023841858
                ],
                [
                    0.0,
                    0.0,
                    0.0,
                    1.0
                ]
            ]
        },
        {
            "file_path": "images/frame_0053",
            "transform_matrix": [
                [
                    0.8210847973823547,
                    0.29814696311950684,
                    -0.48675259947776794,
                    3.3169729709625244
                ],
                [
                    -0.5708062052726746,
                    0.4288739264011383,
                    -0.7001767158508301,
                    1.1053273677825928
                ],
                [
                    -7.364509002627528e-08,
                    0.8527458906173706,
                    0.5223259925842285,
                    1.600000023841858
                ],
                [
                    0.0,
                    0.0,
                    0.0,
                    1.0
                ]
            ]
        },
        {
            "file_path": "images/frame_0054",
            "transform_matrix": [
                [
                    0.8773552775382996,
                    0.24125885963439941,
                    -0.4147793650627136,
